# Cached theoretical edge usage in the timeframe from 0s to 3600s
# For more info see:  edge_usage_counter.py, get_theoretical_edge_usage()
A0A1: 113.0
A0B0: 95.0
A0bottom0: 92.0
A0left0: 93.0
A1A0: 86.0
A1A2: 136.0
A1B1: 84.0
A1left1: 99.0
A2A1: 101.0
A2A3: 130.0
A2B2: 84.0
A2left2: 95.0
A3A2: 109.0
A3B3: 95.0
A3left3: 116.0
A3top0: 82.0
B0A0: 120.0
B0B1: 87.0
B0C0: 85.0
B0bottom1: 86.0
B1A1: 101.0
B1B0: 82.0
B1B2: 96.0
B1C1: 66.0
B2A2: 86.0
B2B1: 71.0
B2B3: 90.0
B2C2: 89.0
B3A3: 81.0
B3B2: 81.0
B3C3: 113.0
B3top1: 88.0
C0B0: 118.99999999999999
C0C1: 103.0
C0D0: 76.0
C0bottom2: 99.0
C1B1: 103.0
C1C0: 104.0
C1C2: 75.0
C1D1: 89.0
C2B2: 75.0
C2C1: 101.0
C2C3: 81.0
C2D2: 86.0
C3B3: 83.0
C3C2: 95.0
C3D3: 128.0
C3top2: 84.0
D0C0: 114.00000000000001
D0D1: 99.0
D0bottom3: 86.0
D0right0: 95.0
D1C1: 102.0
D1D0: 122.99999999999999
D1D2: 76.0
D1right1: 97.0
D2C2: 84.0
D2D1: 122.99999999999999
D2D3: 79.0
D2right2: 79.0
D3C3: 106.0
D3D2: 109.0
D3right3: 81.0
D3top3: 97.0
bottom0A0: 84.0
bottom1B0: 82.0
bottom2C0: 94.0
bottom3D0: 94.0
left0A0: 104.0
left1A1: 90.0
left2A2: 79.0
left3A3: 104.0
right0D0: 101.0
right1D1: 87.0
right2D2: 95.0
right3D3: 98.0
top0A3: 88.0
top1B3: 95.0
top2C3: 90.0
top3D3: 88.0
