# Cached theoretical edge usage in the timeframe from 0s to 3600s
# For more info see:  edge_usage_counter.py, get_theoretical_edge_usage()
np10_nt15: 416.3659793814433
np11_nt14: 416.3659793814433
np12_nt13: 0.0
np13_nt13: 291.10824742268045
np14_nt9: 0.0
np15_nt5: 0.0
np16_nt1: 291.10824742268045
np1_nt1: 0.0
np2_nt2: 481.3144329896907
np3_nt3: 481.3144329896907
np4_nt4: 0.0
np5_nt4: 251.67525773195877
np6_nt8: 0.0
np7_nt12: 0.0
np8_nt16: 251.67525773195877
np9_nt16: 0.0
nt10_nt11: 0.0
nt10_nt14: 481.3144329896907
nt10_nt6: 416.3659793814433
nt10_nt9: 0.0
nt11_nt10: 0.0
nt11_nt12: 0.0
nt11_nt15: 772.422680412371
nt11_nt7: 707.4742268041236
nt12_np7: 0.0
nt12_nt11: 0.0
nt12_nt16: 0.0
nt12_nt8: 0.0
nt13_np12: 0.0
nt13_np13: 251.67525773195877
nt13_nt14: 291.10824742268045
nt13_nt9: 251.67525773195877
nt14_np11: 481.3144329896907
nt14_nt10: 416.3659793814433
nt14_nt13: 251.67525773195877
nt14_nt15: 707.4742268041236
nt15_np10: 481.3144329896907
nt15_nt11: 707.4742268041236
nt15_nt14: 668.0412371134021
nt15_nt16: 291.10824742268045
nt16_np8: 291.10824742268045
nt16_np9: 0.0
nt16_nt12: 0.0
nt16_nt15: 251.67525773195877
nt1_np1: 0.0
nt1_np16: 251.67525773195877
nt1_nt2: 291.10824742268045
nt1_nt5: 251.67525773195877
nt2_np2: 416.3659793814433
nt2_nt1: 251.67525773195877
nt2_nt3: 772.422680412371
nt2_nt6: 481.3144329896907
nt3_np3: 416.3659793814433
nt3_nt2: 732.9896907216495
nt3_nt4: 291.10824742268045
nt3_nt7: 772.422680412371
nt4_np4: 0.0
nt4_np5: 291.10824742268045
nt4_nt3: 251.67525773195877
nt4_nt8: 0.0
nt5_np15: 0.0
nt5_nt1: 251.67525773195877
nt5_nt6: 0.0
nt5_nt9: 251.67525773195877
nt6_nt10: 481.3144329896907
nt6_nt2: 416.3659793814433
nt6_nt5: 0.0
nt6_nt7: 0.0
nt7_nt11: 772.422680412371
nt7_nt3: 707.4742268041236
nt7_nt6: 0.0
nt7_nt8: 0.0
nt8_np6: 0.0
nt8_nt12: 0.0
nt8_nt4: 0.0
nt8_nt7: 0.0
nt9_np14: 0.0
nt9_nt10: 0.0
nt9_nt13: 251.67525773195877
nt9_nt5: 251.67525773195877
